#
#
# US Geological Survey, Water Resources Data
# retrieved: 2020-08-20 14:53:44 EDT      (caww02)
#
# This file contains USGS Surface-Water Monthly Statistics
#
# Note:The statistics generated from  this site are based on approved daily-mean data and may not match those published by the USGS in official publications.
# The user is responsible for assessment and use of statistics from this site.
# For more details on why the statistics may not match, visit https://waterdata.usgs.gov/co/nwis/?dv_statistics_disclaimer.
#
# ** No Incomplete data have been used for statistical calculation
#
# This file includes the following columns:
#
#
# agency_cd    agency code
# site_no USGS site number
# parameter_cd
# ts_id
# year_nu Calendar year for value
# month_nu     Month for value
# mean_va monthly-mean value.
#         if there is not complete record
#         for a month this field is blank
#
#
# Sites in this file include:
# USGS 09070500 COLORADO RIVER NEAR DOTSERO, CO
# 
# Explanation of Parameter Code and ts_id used in the Statistics Data 
# parameter_cd	Parameter Name					ts_id	Location Name
# 00060		Discharge, cubic feet per second		18624	
#
#
agency_cd	site_no	parameter_cd	ts_id	year_nu	month_nu	mean_va
USGS	09070500	00060	18624	1980	2	990.2
USGS	09070500	00060	18624	1980	3	1020
USGS	09070500	00060	18624	1980	4	1645
USGS	09070500	00060	18624	1980	5	5682
USGS	09070500	00060	18624	1980	6	7134
USGS	09070500	00060	18624	1980	7	2463
USGS	09070500	00060	18624	1980	8	1433
USGS	09070500	00060	18624	1980	9	1341
USGS	09070500	00060	18624	1980	10	1053
USGS	09070500	00060	18624	1980	11	981.4
USGS	09070500	00060	18624	1980	12	920.8
USGS	09070500	00060	18624	1981	1	753.2
USGS	09070500	00060	18624	1981	2	662.9
USGS	09070500	00060	18624	1981	3	668.4
USGS	09070500	00060	18624	1981	4	1097
USGS	09070500	00060	18624	1981	5	1735
USGS	09070500	00060	18624	1981	6	2553
USGS	09070500	00060	18624	1981	7	1352
USGS	09070500	00060	18624	1981	8	1336
USGS	09070500	00060	18624	1981	9	1305
USGS	09070500	00060	18624	1981	10	1037
USGS	09070500	00060	18624	1981	11	849.3
USGS	09070500	00060	18624	1981	12	726.2
USGS	09070500	00060	18624	1982	1	739
USGS	09070500	00060	18624	1982	2	741.1
USGS	09070500	00060	18624	1982	3	857.9
USGS	09070500	00060	18624	1982	4	1257
USGS	09070500	00060	18624	1982	5	3411
USGS	09070500	00060	18624	1982	6	5833
USGS	09070500	00060	18624	1982	7	3584
USGS	09070500	00060	18624	1982	8	2055
USGS	09070500	00060	18624	1982	9	1551
USGS	09070500	00060	18624	1982	10	1463
USGS	09070500	00060	18624	1982	11	1256
USGS	09070500	00060	18624	1982	12	960.2
USGS	09070500	00060	18624	1983	1	915.5
USGS	09070500	00060	18624	1983	2	913.9
USGS	09070500	00060	18624	1983	3	971.1
USGS	09070500	00060	18624	1983	4	1266
USGS	09070500	00060	18624	1983	5	4279
USGS	09070500	00060	18624	1983	6	12180
USGS	09070500	00060	18624	1983	7	9354
USGS	09070500	00060	18624	1983	8	3613
USGS	09070500	00060	18624	1983	9	1802
USGS	09070500	00060	18624	1983	10	1398
USGS	09070500	00060	18624	1983	11	1496
USGS	09070500	00060	18624	1983	12	1386
USGS	09070500	00060	18624	1984	1	1268
USGS	09070500	00060	18624	1984	2	1084
USGS	09070500	00060	18624	1984	3	1433
USGS	09070500	00060	18624	1984	4	2562
USGS	09070500	00060	18624	1984	5	10770
USGS	09070500	00060	18624	1984	6	13440
USGS	09070500	00060	18624	1984	7	8478
USGS	09070500	00060	18624	1984	8	4055
USGS	09070500	00060	18624	1984	9	2616
USGS	09070500	00060	18624	1984	10	1860
USGS	09070500	00060	18624	1984	11	1492
USGS	09070500	00060	18624	1984	12	1503
USGS	09070500	00060	18624	1985	1	1473
USGS	09070500	00060	18624	1985	2	1407
USGS	09070500	00060	18624	1985	3	1514
USGS	09070500	00060	18624	1985	4	3022
USGS	09070500	00060	18624	1985	5	7635
USGS	09070500	00060	18624	1985	6	7441
USGS	09070500	00060	18624	1985	7	3578
USGS	09070500	00060	18624	1985	8	2038
USGS	09070500	00060	18624	1985	9	1427
USGS	09070500	00060	18624	1985	10	1619
USGS	09070500	00060	18624	1985	11	1546
USGS	09070500	00060	18624	1985	12	1352
USGS	09070500	00060	18624	1986	1	1316
USGS	09070500	00060	18624	1986	2	1484
USGS	09070500	00060	18624	1986	3	1788
USGS	09070500	00060	18624	1986	4	3465
USGS	09070500	00060	18624	1986	5	7024
USGS	09070500	00060	18624	1986	6	8401
USGS	09070500	00060	18624	1986	7	3929
USGS	09070500	00060	18624	1986	8	1709
USGS	09070500	00060	18624	1986	9	1586
USGS	09070500	00060	18624	1986	10	1705
USGS	09070500	00060	18624	1986	11	1509
USGS	09070500	00060	18624	1986	12	1259
USGS	09070500	00060	18624	1987	1	1126
USGS	09070500	00060	18624	1987	2	1125
USGS	09070500	00060	18624	1987	3	1187
USGS	09070500	00060	18624	1987	4	1992
USGS	09070500	00060	18624	1987	5	3931
USGS	09070500	00060	18624	1987	6	3177
USGS	09070500	00060	18624	1987	7	1542
USGS	09070500	00060	18624	1987	8	1347
USGS	09070500	00060	18624	1987	9	1187
USGS	09070500	00060	18624	1987	10	1140
USGS	09070500	00060	18624	1987	11	1133
USGS	09070500	00060	18624	1987	12	967.1
USGS	09070500	00060	18624	1988	1	999.4
USGS	09070500	00060	18624	1988	2	1019
USGS	09070500	00060	18624	1988	3	1049
USGS	09070500	00060	18624	1988	4	2007
USGS	09070500	00060	18624	1988	5	3812
USGS	09070500	00060	18624	1988	6	4112
USGS	09070500	00060	18624	1988	7	1983
USGS	09070500	00060	18624	1988	8	1462
USGS	09070500	00060	18624	1988	9	1221
USGS	09070500	00060	18624	1988	10	954.7
USGS	09070500	00060	18624	1988	11	930.2
USGS	09070500	00060	18624	1988	12	901.4
USGS	09070500	00060	18624	1989	1	892.9
USGS	09070500	00060	18624	1989	2	813.5
USGS	09070500	00060	18624	1989	3	1061
USGS	09070500	00060	18624	1989	4	2042
USGS	09070500	00060	18624	1989	5	2974
USGS	09070500	00060	18624	1989	6	2507
USGS	09070500	00060	18624	1989	7	1609
USGS	09070500	00060	18624	1989	8	1526
USGS	09070500	00060	18624	1989	9	1300
USGS	09070500	00060	18624	1989	10	1135
USGS	09070500	00060	18624	1989	11	813.1
USGS	09070500	00060	18624	1989	12	798.6
USGS	09070500	00060	18624	1990	1	745.4
USGS	09070500	00060	18624	1990	2	653.9
USGS	09070500	00060	18624	1990	3	788.9
USGS	09070500	00060	18624	1990	4	1368
USGS	09070500	00060	18624	1990	5	1823
USGS	09070500	00060	18624	1990	6	3003
USGS	09070500	00060	18624	1990	7	1603
USGS	09070500	00060	18624	1990	8	1517
USGS	09070500	00060	18624	1990	9	1391
USGS	09070500	00060	18624	1990	10	1096
USGS	09070500	00060	18624	1990	11	982.7
USGS	09070500	00060	18624	1990	12	843.9
USGS	09070500	00060	18624	1991	1	795.2
USGS	09070500	00060	18624	1991	2	751.3
USGS	09070500	00060	18624	1991	3	689.5
USGS	09070500	00060	18624	1991	4	1267
USGS	09070500	00060	18624	1991	5	3650
USGS	09070500	00060	18624	1991	6	4542
USGS	09070500	00060	18624	1991	7	1943
USGS	09070500	00060	18624	1991	8	1418
USGS	09070500	00060	18624	1991	9	1351
USGS	09070500	00060	18624	1991	10	1114
USGS	09070500	00060	18624	1991	11	1104
USGS	09070500	00060	18624	1991	12	989.7
USGS	09070500	00060	18624	1992	1	927.1
USGS	09070500	00060	18624	1992	2	958.9
USGS	09070500	00060	18624	1992	3	1031
USGS	09070500	00060	18624	1992	4	1709
USGS	09070500	00060	18624	1992	5	2995
USGS	09070500	00060	18624	1992	6	2249
USGS	09070500	00060	18624	1992	7	1327
USGS	09070500	00060	18624	1992	8	1451
USGS	09070500	00060	18624	1992	9	1199
USGS	09070500	00060	18624	1992	10	855.6
USGS	09070500	00060	18624	1992	11	892
USGS	09070500	00060	18624	1992	12	812.3
USGS	09070500	00060	18624	1993	1	822.6
USGS	09070500	00060	18624	1993	2	775.1
USGS	09070500	00060	18624	1993	3	887.6
USGS	09070500	00060	18624	1993	4	1480
USGS	09070500	00060	18624	1993	5	6371
USGS	09070500	00060	18624	1993	6	8013
USGS	09070500	00060	18624	1993	7	4130
USGS	09070500	00060	18624	1993	8	1570
USGS	09070500	00060	18624	1993	9	1269
USGS	09070500	00060	18624	1993	10	1161
USGS	09070500	00060	18624	1993	11	1042
USGS	09070500	00060	18624	1993	12	931.3
USGS	09070500	00060	18624	1994	1	851
USGS	09070500	00060	18624	1994	2	891.8
USGS	09070500	00060	18624	1994	3	1073
USGS	09070500	00060	18624	1994	4	1525
USGS	09070500	00060	18624	1994	5	3103
USGS	09070500	00060	18624	1994	6	2504
USGS	09070500	00060	18624	1994	7	1348
USGS	09070500	00060	18624	1994	8	1313
USGS	09070500	00060	18624	1994	9	1106
USGS	09070500	00060	18624	1994	10	1041
USGS	09070500	00060	18624	1994	11	732.5
USGS	09070500	00060	18624	1994	12	729.5
USGS	09070500	00060	18624	1995	1	652.4
USGS	09070500	00060	18624	1995	2	665.8
USGS	09070500	00060	18624	1995	3	830.3
USGS	09070500	00060	18624	1995	4	1142
USGS	09070500	00060	18624	1995	5	2657
USGS	09070500	00060	18624	1995	6	9997
USGS	09070500	00060	18624	1995	7	8987
USGS	09070500	00060	18624	1995	8	2842
USGS	09070500	00060	18624	1995	9	1397
USGS	09070500	00060	18624	1995	10	1300
USGS	09070500	00060	18624	1995	11	1459
USGS	09070500	00060	18624	1995	12	1141
USGS	09070500	00060	18624	1996	1	991
USGS	09070500	00060	18624	1996	2	1101
USGS	09070500	00060	18624	1996	3	1764
USGS	09070500	00060	18624	1996	4	4033
USGS	09070500	00060	18624	1996	5	8061
USGS	09070500	00060	18624	1996	6	8463
USGS	09070500	00060	18624	1996	7	3693
USGS	09070500	00060	18624	1996	8	1604
USGS	09070500	00060	18624	1996	9	1427
USGS	09070500	00060	18624	1996	10	1283
USGS	09070500	00060	18624	1996	11	1219
USGS	09070500	00060	18624	1996	12	1116
USGS	09070500	00060	18624	1997	1	1140
USGS	09070500	00060	18624	1997	2	1139
USGS	09070500	00060	18624	1997	3	1611
USGS	09070500	00060	18624	1997	4	2222
USGS	09070500	00060	18624	1997	5	7875
USGS	09070500	00060	18624	1997	6	12780
USGS	09070500	00060	18624	1997	7	3738
USGS	09070500	00060	18624	1997	8	2971
USGS	09070500	00060	18624	1997	9	1775
USGS	09070500	00060	18624	1997	10	1648
USGS	09070500	00060	18624	1997	11	1215
USGS	09070500	00060	18624	1997	12	1124
USGS	09070500	00060	18624	1998	1	1203
USGS	09070500	00060	18624	1998	2	1227
USGS	09070500	00060	18624	1998	3	1491
USGS	09070500	00060	18624	1998	4	1974
USGS	09070500	00060	18624	1998	5	4576
USGS	09070500	00060	18624	1998	6	3846
USGS	09070500	00060	18624	1998	7	2436
USGS	09070500	00060	18624	1998	8	1853
USGS	09070500	00060	18624	1998	9	1453

